episode	mean	max	2048_win_rate
1	4.052	4052	0
2	8.976	4924	0
3	10.436	4924	0
4	11.392	4924	0
5	17.856	6464	0
6	21.532	6464	0
7	25.432	6464	0
8	26.888	6464	0
9	30.216	6464	0
10	33.48	6464	0
11	34.664	6464	0
12	38.484	6464	0
13	41.544	6464	0
14	43.032	6464	0
15	47.42	6464	0
16	50.504	6464	0
17	57.588	7084	0
18	60.48	7084	0
19	63.28	7084	0
20	66.472	7084	0
21	70.712	7084	0
22	75.256	7084	0
23	76.672	7084	0
24	79.12	7084	0
25	84.432	7084	0
26	86.544	7084	0
27	90.004	7084	0
28	92.06	7084	0
29	92.676	7084	0
30	96.092	7084	0
31	101.952	7084	0
32	104.808	7084	0
33	107.008	7084	0
34	109.176	7084	0
35	112.66	7084	0
36	116.16	7084	0
37	117.412	7084	0
38	118.156	7084	0
39	121.132	7084	0
40	123.48	7084	0
41	126.844	7084	0
42	128.316	7084	0
43	129.032	7084	0
44	130.284	7084	0
45	133.832	7084	0
46	137.752	7084	0
47	139.008	7084	0
48	141.46	7084	0
49	143.404	7084	0
50	146.088	7084	0
51	147.4	7084	0
52	152.06	7084	0
53	155.284	7084	0
54	158.468	7084	0
55	164.656	7084	0
56	168.036	7084	0
57	171.248	7084	0
58	174.276	7084	0
59	177.644	7084	0
60	180.848	7084	0
61	186.668	7084	0
62	192.588	7084	0
63	193.932	7084	0
64	199.58	7084	0
65	200.572	7084	0
66	203.368	7084	0
67	206.18	7084	0
68	207.628	7084	0
69	211.696	7084	0
70	214.564	7084	0
71	215.976	7084	0
72	221.448	7084	0
73	226.84	7084	0
74	230.232	7084	0
75	231.936	7084	0
76	235.824	7084	0
77	238.276	7084	0
78	241.088	7084	0
79	244.164	7084	0
80	247.416	7084	0
81	248.724	7084	0
82	251.7	7084	0
83	253.236	7084	0
84	255.904	7084	0
85	258.308	7084	0
86	261.552	7084	0
87	264.592	7084	0
88	268.008	7084	0
89	270.296	7084	0
90	273.804	7084	0
91	276.252	7084	0
92	277.744	7084	0
93	281.132	7084	0
94	284.672	7084	0
95	290.084	7084	0
96	293.46	7084	0
97	300.428	7084	0
98	303.6	7084	0
99	305.548	7084	0
100	309.596	7084	0
101	317.044	7448	0
102	320.572	7448	0
103	327.412	7448	0
104	334.456	7448	0
105	336.388	7448	0
106	337.608	7448	0
107	340.292	7448	0
108	343.448	7448	0
109	346.228	7448	0
110	347.56	7448	0
111	353.856	7448	0
112	355.352	7448	0
113	357.044	7448	0
114	360.564	7448	0
115	363.864	7448	0
116	366.212	7448	0
117	367.304	7448	0
118	369.34	7448	0
119	374.688	7448	0
120	378.628	7448	0
121	380.524	7448	0
122	383.884	7448	0
123	388.508	7448	0
124	389.124	7448	0
125	391.128	7448	0
126	396.492	7448	0
127	398.14	7448	0
128	401.956	7448	0
129	403.808	7448	0
130	405.204	7448	0
131	406.568	7448	0
132	408.096	7448	0
133	411.836	7448	0
134	415.252	7448	0
135	417.92	7448	0
136	420.796	7448	0
137	425.08	7448	0
138	427.828	7448	0
139	431.024	7448	0
140	432.008	7448	0
141	435.092	7448	0
142	436.392	7448	0
143	440.312	7448	0
144	443.156	7448	0
145	446.94	7448	0
146	450.684	7448	0
147	454.084	7448	0
148	455.996	7448	0
149	459.124	7448	0
150	461.832	7448	0
151	464.044	7448	0
152	471.92	7876	0
153	475.096	7876	0
154	479.144	7876	0
155	483.04	7876	0
156	488.376	7876	0
157	492.416	7876	0
158	497.028	7876	0
159	500.472	7876	0
160	504.884	7876	0
161	507.364	7876	0
162	515.604	8240	0
163	519.804	8240	0
164	524.272	8240	0
165	526.928	8240	0
166	532.744	8240	0
167	535.784	8240	0
168	537.252	8240	0
169	540.588	8240	0
170	543.9	8240	0
171	546.796	8240	0
172	552.168	8240	0
173	555.792	8240	0
174	558.096	8240	0
175	563.28	8240	0
176	569.628	8240	0
177	573.096	8240	0
178	579.888	8240	0
179	583.116	8240	0
180	585.68	8240	0
181	586.72	8240	0
182	588.136	8240	0
183	589.948	8240	0
184	591.128	8240	0
185	593.584	8240	0
186	595.996	8240	0
187	599.468	8240	0
188	606.388	8240	0
189	608.888	8240	0
190	612.12	8240	0
191	618.968	8240	0
192	622.312	8240	0
193	624.624	8240	0
194	627.948	8240	0
195	629.304	8240	0
196	632.068	8240	0
197	635.224	8240	0
198	640.964	8240	0
199	647.964	8240	0
200	651.884	8240	0
201	662.244	10360	0
202	669.368	10360	0
203	674.864	10360	0
204	678.456	10360	0
205	682.204	10360	0
206	685.712	10360	0
207	687.184	10360	0
208	690.236	10360	0
209	692.716	10360	0
210	694.504	10360	0
211	698.264	10360	0
212	699.704	10360	0
213	702.82	10360	0
214	708.312	10360	0
215	711.668	10360	0
216	713	10360	0
217	718.064	10360	0
218	724.484	10360	0
219	725.48	10360	0
220	727.256	10360	0
221	730.72	10360	0
222	736.936	10360	0
223	742.512	10360	0
224	746.672	10360	0
225	749.056	10360	0
226	751.752	10360	0
227	755.064	10360	0
228	756.78	10360	0
229	762.672	10360	0
230	766.448	10360	0
231	769.544	10360	0
232	772.552	10360	0
233	776.18	10360	0
234	779.272	10360	0
235	787.124	10360	0
236	799.148	12024	0
237	804.7	12024	0
238	808.072	12024	0
239	812.996	12024	0
240	814.868	12024	0
241	818.584	12024	0
242	821.4	12024	0
243	825.492	12024	0
244	831.08	12024	0
245	833.508	12024	0
246	835.232	12024	0
247	838.796	12024	0
248	840.452	12024	0
249	846.084	12024	0
250	849.5	12024	0
251	857.396	12024	0
252	862.728	12024	0
253	865.828	12024	0
254	871.964	12024	0
255	875.676	12024	0
256	882.308	12024	0
257	886.3	12024	0
258	894.664	12024	0
259	903.512	12024	0
260	908.44	12024	0
261	911.724	12024	0
262	913.512	12024	0
263	917.8	12024	0
264	921.08	12024	0
265	925.924	12024	0
266	929.34	12024	0
267	933.624	12024	0
268	941.36	12024	0
269	943.832	12024	0
270	949.072	12024	0
271	950.864	12024	0
272	958.184	12024	0
273	965.492	12024	0
274	973.36	12024	0
275	976.976	12024	0
276	978.804	12024	0
277	981.152	12024	0
278	986.868	12024	0
279	990.992	12024	0
280	994.7	12024	0
281	997.772	12024	0
282	1000.2	12024	0
283	1004.47	12024	0
284	1008.42	12024	0
285	1015.53	12024	0
286	1017.22	12024	0
287	1026.18	12024	0
288	1029.87	12024	0
289	1032.06	12024	0
290	1033.63	12024	0
291	1037.16	12024	0
292	1040.99	12024	0
293	1044.93	12024	0
294	1048.56	12024	0
295	1054.95	12024	0
296	1058.28	12024	0
297	1064.82	12024	0
298	1066.57	12024	0
299	1069.21	12024	0
300	1071.73	12024	0
301	1077.06	12024	0
302	1080.59	12024	0
303	1084.06	12024	0
304	1089.42	12024	0
305	1092.92	12024	0
306	1096.62	12024	0
307	1102.28	12024	0
308	1107.68	12024	0
309	1111.1	12024	0
310	1116.74	12024	0
311	1123.74	12024	0
312	1130.64	12024	0
313	1137.17	12024	0
314	1140.36	12024	0
315	1147.41	12024	0
316	1151.41	12024	0
317	1158.68	12024	0
318	1160.85	12024	0
319	1163.21	12024	0
320	1165.55	12024	0
321	1172.74	12024	0
322	1179.93	12024	0
323	1181.99	12024	0
324	1187.63	12024	0
325	1190.58	12024	0
326	1193.7	12024	0
327	1197.04	12024	0
328	1204.13	12024	0
329	1208.72	12024	0
330	1214.9	12024	0
331	1225.97	12024	0
332	1229.75	12024	0
333	1234.26	12024	0
334	1240.72	12024	0
335	1246	12024	0
336	1247.78	12024	0
337	1251.17	12024	0
338	1254.83	12024	0
339	1260.57	12024	0
340	1263.82	12024	0
341	1267	12024	0
342	1270.04	12024	0
343	1277.92	12024	0
344	1281.7	12024	0
345	1284.6	12024	0
346	1286.04	12024	0
347	1290.18	12024	0
348	1296.86	12024	0
349	1313.04	16176	0
350	1314.61	16176	0
351	1318.06	16176	0
352	1321.61	16176	0
353	1324.88	16176	0
354	1327.35	16176	0
355	1331.21	16176	0
356	1337.55	16176	0
357	1344.74	16176	0
358	1349.65	16176	0
359	1354.91	16176	0
360	1364.9	16176	0
361	1366.42	16176	0
362	1369.69	16176	0
363	1375.05	16176	0
364	1381.32	16176	0
365	1384.89	16176	0
366	1388.8	16176	0
367	1396.52	16176	0
368	1400.03	16176	0
369	1404.08	16176	0
370	1407.26	16176	0
371	1409.06	16176	0
372	1414.64	16176	0
373	1419.89	16176	0
374	1428.34	16176	0
375	1433.68	16176	0
376	1437.37	16176	0
377	1441.44	16176	0
378	1442.99	16176	0
379	1446.22	16176	0
380	1454.14	16176	0
381	1459.85	16176	0
382	1473.63	16176	0
383	1476.06	16176	0
384	1484.04	16176	0
385	1485.47	16176	0
386	1489.02	16176	0
387	1497.3	16176	0
388	1504.43	16176	0
389	1510.28	16176	0
390	1511.45	16176	0
391	1518.93	16176	0
392	1521.89	16176	0
393	1524.78	16176	0
394	1532.11	16176	0
395	1533.84	16176	0
396	1538.61	16176	0
397	1540.33	16176	0
398	1544.39	16176	0
399	1549.36	16176	0
400	1556.18	16176	0
401	1563.64	16176	0
402	1566.63	16176	0
403	1573.86	16176	0
404	1578.12	16176	0
405	1579.86	16176	0
406	1583.91	16176	0
407	1589.52	16176	0
408	1593.32	16176	0
409	1600.8	16176	0
410	1608.09	16176	0
411	1613.78	16176	0
412	1621.25	16176	0
413	1624.57	16176	0
414	1631.68	16176	0
415	1638.74	16176	0
416	1640.38	16176	0
417	1645.97	16176	0
418	1647.78	16176	0
419	1653.67	16176	0
420	1658.01	16176	0
421	1661.12	16176	0
422	1664.91	16176	0
423	1668.67	16176	0
424	1672.76	16176	0
425	1676.56	16176	0
426	1681.98	16176	0
427	1684.88	16176	0
428	1692.62	16176	0
429	1696.62	16176	0
430	1699.63	16176	0
431	1703.25	16176	0
432	1708.57	16176	0
433	1712.53	16176	0
434	1716.7	16176	0
435	1721.49	16176	0
436	1727.66	16176	0
437	1733.52	16176	0
438	1739.85	16176	0
439	1747.48	16176	0
440	1751.2	16176	0
441	1754.68	16176	0
442	1756.07	16176	0
443	1761.28	16176	0
444	1762.69	16176	0
445	1764.54	16176	0
446	1768.08	16176	0
447	1773.68	16176	0
448	1777.74	16176	0
449	1791.7	16176	0
450	1798.14	16176	0
451	1808.6	16176	0
452	1810.62	16176	0
453	1815.96	16176	0
454	1821.04	16176	0
455	1824.32	16176	0
456	1830.59	16176	0
457	1834.77	16176	0
458	1837.77	16176	0
459	1841.35	16176	0
460	1847.51	16176	0
461	1851.42	16176	0
462	1855.11	16176	0
463	1860.72	16176	0
464	1864.05	16176	0
465	1872.02	16176	0
466	1873.94	16176	0
467	1879.68	16176	0
468	1884.11	16176	0
469	1896.56	16176	0
470	1902.23	16176	0
471	1908.08	16176	0
472	1913.8	16176	0
473	1918.47	16176	0
474	1922.33	16176	0
475	1926.36	16176	0
476	1930.55	16176	0
477	1934.2	16176	0
478	1939.76	16176	0
479	1947.26	16176	0
480	1951.24	16176	0
481	1955.3	16176	0
482	1957.66	16176	0
483	1960.88	16176	0
484	1966.68	16176	0
485	1973.94	16176	0
486	1979.42	16176	0
487	1987.14	16176	0
488	1992.12	16176	0
489	1995.67	16176	0
490	1999.66	16176	0
491	2003.09	16176	0
492	2006.79	16176	0
493	2010.3	16176	0
494	2017.49	16176	0
495	2021.89	16176	0
496	2028.02	16176	0
497	2034.78	16176	0
498	2040.78	16176	0
499	2044.44	16176	0
500	2048.9	16176	0
501	2055.05	16176	0
502	2060.54	16176	0
503	2072.78	16176	0
504	2075.93	16176	0
505	2080.51	16176	0
506	2084.45	16176	0
507	2091.28	16176	0
508	2098.49	16176	0
509	2102.4	16176	0
510	2108.72	16176	0
511	2114.83	16176	0
512	2120.96	16176	0
513	2124.46	16176	0
514	2127.82	16176	0
515	2131.46	16176	0
516	2137.16	16176	0
517	2139.97	16176	0
518	2143.3	16176	0
519	2144.9	16176	0
520	2148.38	16176	0
521	2152.51	16176	0
522	2156.88	16176	0
523	2160.29	16176	0
524	2163.9	16176	0
525	2167.56	16176	0
526	2172.78	16176	0
527	2176.36	16176	0
528	2180.4	16176	0
529	2185.86	16176	0
530	2193.37	16176	0
531	2196.36	16176	0
532	2201.47	16176	0
533	2205.54	16176	0
534	2211.29	16176	0
535	2214.82	16176	0
536	2218.71	16176	0
537	2223.84	16176	0
538	2232	16176	0
539	2234.77	16176	0
540	2241.89	16176	0
541	2245.31	16176	0
542	2248.11	16176	0
543	2253.04	16176	0
544	2260.27	16176	0
545	2266.99	16176	0
546	2273.01	16176	0
547	2277.82	16176	0
548	2285.99	16176	0
549	2291.72	16176	0
550	2297.12	16176	0
551	2300.48	16176	0
552	2306.63	16176	0
553	2309.95	16176	0
554	2318.8	16176	0
555	2322.15	16176	0
556	2328.51	16176	0
557	2331.67	16176	0
558	2338.82	16176	0
559	2346.06	16176	0
560	2353.26	16176	0
561	2361.04	16176	0
562	2364.55	16176	0
563	2367.87	16176	0
564	2374.38	16176	0
565	2380.38	16176	0
566	2384.7	16176	0
567	2391.82	16176	0
568	2395.44	16176	0
569	2400.89	16176	0
570	2407.49	16176	0
571	2411.32	16176	0
572	2419.84	16176	0
573	2425.95	16176	0
574	2438.87	16176	0
575	2445.92	16176	0
576	2452.78	16176	0
577	2459.76	16176	0
578	2466.31	16176	0
579	2470.44	16176	0
580	2476.6	16176	0
581	2483.04	16176	0
582	2495.72	16176	0
583	2502.86	16176	0
584	2509.5	16176	0
585	2513.28	16176	0
586	2516.82	16176	0
587	2520.06	16176	0
588	2527.5	16176	0
589	2536.72	16176	0
590	2538.46	16176	0
591	2541.82	16176	0
592	2545.28	16176	0
593	2550.7	16176	0
594	2559.51	16176	0
595	2565.95	16176	0
596	2573.12	16176	0
597	2576.38	16176	0
598	2578.67	16176	0
599	2581.17	16176	0
600	2583.56	16176	0
601	2587.31	16176	0
602	2590.88	16176	0
603	2594.86	16176	0
604	2598.89	16176	0
605	2604.94	16176	0
606	2613.1	16176	0
607	2617.64	16176	0
608	2620.07	16176	0
609	2626.3	16176	0
610	2633.4	16176	0
611	2639.9	16176	0
612	2647.93	16176	0
613	2654.25	16176	0
614	2663.24	16176	0
615	2665.18	16176	0
616	2671.78	16176	0
617	2678.06	16176	0
618	2681.38	16176	0
619	2685.56	16176	0
620	2693.92	16176	0
621	2701.09	16176	0
622	2708.6	16176	0
623	2714.38	16176	0
624	2722.18	16176	0
625	2735.26	16176	0
626	2741.82	16176	0
627	2745.42	16176	0
628	2748.84	16176	0
629	2754.67	16176	0
630	2756.83	16176	0
631	2759.95	16176	0
632	2766.36	16176	0
633	2779.03	16176	0
634	2784.16	16176	0
635	2797.35	16176	0
636	2810.71	16176	0
637	2813.88	16176	0
638	2821.18	16176	0
639	2834	16176	0
640	2842.78	16176	0
641	2844.53	16176	0
642	2850.08	16176	0
643	2862.31	16176	0
644	2868.73	16176	0
645	2875.42	16176	0
646	2881.97	16176	0
647	2884.87	16176	0
648	2890.35	16176	0
649	2897.4	16176	0
650	2904.78	16176	0
651	2908.82	16176	0
652	2912.4	16176	0
653	2917.59	16176	0
654	2925.57	16176	0
655	2932.89	16176	0
656	2940.87	16176	0
657	2947.61	16176	0
658	2955.13	16176	0
659	2958.6	16176	0
660	2962.12	16176	0
661	2966.3	16176	0
662	2972.11	16176	0
663	2976.47	16176	0
664	2982.99	16176	0
665	2990.47	16176	0
666	2999.18	16176	0
667	3005.78	16176	0
668	3010.28	16176	0
669	3014.45	16176	0
670	3029.12	16176	0
671	3032.22	16176	0
672	3039.74	16176	0
673	3045.37	16176	0
674	3048.87	16176	0
675	3057.62	16176	0
676	3060.76	16176	0
677	3067.88	16176	0
678	3075.8	16176	0
679	3087.24	16176	0
680	3091.62	16176	0
681	3094.81	16176	0
682	3099.99	16176	0
683	3105.71	16176	0
684	3112.13	16176	0
685	3116.3	16176	0
686	3125.48	16176	0
687	3132.62	16176	0
688	3141.04	16176	0
689	3149.8	16176	0
690	3156.62	16176	0
691	3162.67	16176	0
692	3174.81	16176	0
693	3181.9	16176	0
694	3185.13	16176	0
695	3193.7	16176	0
696	3205.87	16176	0
697	3215.14	16176	0
698	3222.6	16176	0
699	3226.69	16176	0
700	3232.57	16176	0
701	3239.54	16176	0
702	3246.84	16176	0
703	3252.98	16176	0
704	3260.39	16176	0
705	3263.89	16176	0
706	3271.19	16176	0
707	3279.06	16176	0
708	3289.08	16176	0
709	3295.21	16176	0
710	3300.82	16176	0
711	3304.38	16176	0
712	3308.54	16176	0
713	3316.39	16176	0
714	3322.84	16176	0
715	3330.3	16176	0
716	3333.52	16176	0
717	3336.76	16176	0
718	3337.94	16176	0
719	3345.78	16176	0
720	3353.1	16176	0
721	3356.72	16176	0
722	3365.78	16176	0
723	3369.54	16176	0
724	3377.88	16176	0
725	3381.09	16176	0
726	3384.97	16176	0
727	3389.31	16176	0
728	3392.88	16176	0
729	3399.85	16176	0
730	3406.32	16176	0
731	3414.23	16176	0
732	3425.02	16176	0
733	3428.9	16176	0
734	3435.7	16176	0
735	3444.86	16176	0
736	3451.31	16176	0
737	3466.74	16176	0
738	3474.72	16176	0
739	3482.57	16176	0
740	3489.68	16176	0
741	3495.18	16176	0
742	3499.53	16176	0
743	3505.85	16176	0
744	3517.13	16176	0
745	3525.27	16176	0
746	3536.14	16176	0
747	3540.06	16176	0
748	3544.05	16176	0
749	3555.17	16176	0
750	3568.1	16176	0
751	3571.8	16176	0
752	3578.97	16176	0
753	3587.46	16176	0
754	3593.29	16176	0
755	3600.49	16176	0
756	3607.66	16176	0
757	3614.37	16176	0
758	3623.18	16176	0
759	3631.35	16176	0
760	3635.7	16176	0
761	3639.75	16176	0
762	3644.07	16176	0
763	3652.23	16176	0
764	3660.28	16176	0
765	3669.06	16176	0
766	3670.81	16176	0
767	3678	16176	0
768	3685.06	16176	0
769	3692.4	16176	0
770	3695.62	16176	0
771	3701.7	16176	0
772	3714.43	16176	0
773	3726.18	16176	0
774	3736.18	16176	0
775	3741.88	16176	0
776	3748.07	16176	0
777	3754.88	16176	0
778	3761.32	16176	0
779	3769.39	16176	0
780	3777.52	16176	0
781	3781.73	16176	0
782	3790.24	16176	0
783	3797.48	16176	0
784	3805.11	16176	0
785	3808.92	16176	0
786	3815.37	16176	0
787	3821.15	16176	0
788	3830.68	16176	0
789	3837.5	16176	0
790	3846.12	16176	0
791	3847.8	16176	0
792	3855.12	16176	0
793	3860.72	16176	0
794	3868.58	16176	0
795	3876.9	16176	0
796	3880.6	16176	0
797	3886.25	16176	0
798	3890.58	16176	0
799	3895.8	16176	0
800	3902.48	16176	0
801	3909.59	16176	0
802	3915.77	16176	0
803	3926.54	16176	0
804	3930.62	16176	0
805	3933.34	16176	0
806	3941.52	16176	0
807	3947.8	16176	0
808	3951.8	16176	0
809	3959.53	16176	0
810	3975.78	16252	0
811	3984.27	16252	0
812	3992.94	16252	0
813	3997.9	16252	0
814	4003.16	16252	0
815	4012.09	16252	0
816	4015.74	16252	0
817	4029.87	16252	0
818	4033.85	16252	0
819	4038.65	16252	0
820	4045.78	16252	0
821	4058.32	16252	0
822	4060.66	16252	0
823	4068.6	16252	0
824	4077.45	16252	0
825	4083.21	16252	0
826	4094.57	16252	0
827	4102.28	16252	0
828	4103.99	16252	0
829	4115.84	16252	0
830	4125.07	16252	0
831	4129.16	16252	0
832	4134.91	16252	0
833	4141.78	16252	0
834	4152.29	16252	0
835	4163.25	16252	0
836	4170.68	16252	0
837	4185.18	16252	0
838	4190.91	16252	0
839	4203.13	16252	0
840	4210.94	16252	0
841	4218.47	16252	0
842	4227.69	16252	0
843	4230.87	16252	0
844	4238.26	16252	0
845	4245.32	16252	0
846	4251.87	16252	0
847	4256	16252	0
848	4259.91	16252	0
849	4267.3	16252	0
850	4274.8	16252	0
851	4287.15	16252	0
852	4296.6	16252	0
853	4302.56	16252	0
854	4311.54	16252	0
855	4322.04	16252	0
856	4329.66	16252	0
857	4342.3	16252	0
858	4350.14	16252	0
859	4361.03	16252	0
860	4366.92	16252	0
861	4374.74	16252	0
862	4380.37	16252	0
863	4383.6	16252	0
864	4389.2	16252	0
865	4398.38	16252	0
866	4407.04	16252	0
867	4421.86	16252	0
868	4435.06	16252	0
869	4442.34	16252	0
870	4446.97	16252	0
871	4459.76	16252	0
872	4463.72	16252	0
873	4472.01	16252	0
874	4480.98	16252	0
875	4484.08	16252	0
876	4489.3	16252	0
877	4503.7	16252	0
878	4510.86	16252	0
879	4521.97	16252	0
880	4530.04	16252	0
881	4534.22	16252	0
882	4541.44	16252	0
883	4542.92	16252	0
884	4550.12	16252	0
885	4559.58	16252	0
886	4569.13	16252	0
887	4573.52	16252	0
888	4588.18	16252	0
889	4597.39	16252	0
890	4604.57	16252	0
891	4613.34	16252	0
892	4616.6	16252	0
893	4620.08	16252	0
894	4626.2	16252	0
895	4634.2	16252	0
896	4643.4	16252	0
897	4651.48	16252	0
898	4658.38	16252	0
899	4665.23	16252	0
900	4676.24	16252	0
901	4682.94	16252	0
902	4687.02	16252	0
903	4691.67	16252	0
904	4700.16	16252	0
905	4707.41	16252	0
906	4714.62	16252	0
907	4722.1	16252	0
908	4736.32	16252	0
909	4743.44	16252	0
910	4749.18	16252	0
911	4757.25	16252	0
912	4769.55	16252	0
913	4782.56	16252	0
914	4791.08	16252	0
915	4799.4	16252	0
916	4812.18	16252	0
917	4819.42	16252	0
918	4825.59	16252	0
919	4831.91	16252	0
920	4837.81	16252	0
921	4841.36	16252	0
922	4849.12	16252	0
923	4863.67	16252	0
924	4871.96	16252	0
925	4884.09	16252	0
926	4891.86	16252	0
927	4900.77	16252	0
928	4908.54	16252	0
929	4915.31	16252	0
930	4925.38	16252	0
931	4933.42	16252	0
932	4940.78	16252	0
933	4949.3	16252	0
934	4958.07	16252	0
935	4970.24	16252	0
936	4973.48	16252	0
937	4983	16252	0
938	4986.59	16252	0
939	4991.05	16252	0
940	4997.15	16252	0
941	5006.26	16252	0
942	5011.6	16252	0
943	5018.64	16252	0
944	5025.69	16252	0
945	5029.73	16252	0
946	5037.63	16252	0
947	5043.31	16252	0
948	5053.68	16252	0
949	5060.67	16252	0
950	5065.81	16252	0
951	5075.45	16252	0
952	5090.92	16252	0
953	5094.4	16252	0
954	5103.58	16252	0
955	5110.94	16252	0
956	5119.5	16252	0
957	5130.68	16252	0
958	5134.03	16252	0
959	5142.5	16252	0
960	5148.48	16252	0
961	5156.85	16252	0
962	5161.05	16252	0
963	5165.38	16252	0
964	5175.77	16252	0
965	5188.71	16252	0
966	5196.51	16252	0
967	5205.81	16252	0
968	5209.31	16252	0
969	5220.29	16252	0
970	5225.7	16252	0
971	5231.46	16252	0
972	5235.96	16252	0
973	5244.05	16252	0
974	5249.26	16252	0
975	5252.5	16252	0
976	5259.42	16252	0
977	5263.57	16252	0
978	5275.2	16252	0
979	5279.6	16252	0
980	5289.29	16252	0
981	5297.47	16252	0
982	5305.12	16252	0
983	5311.72	16252	0
984	5320.91	16252	0
985	5333.02	16252	0
986	5336.8	16252	0
987	5342.29	16252	0
988	5348.88	16252	0
989	5365.1	16252	0
990	5373.86	16252	0
991	5382.63	16252	0
992	5388.77	16252	0
993	5396.24	16252	0
994	5406.66	16252	0
995	5413.4	16252	0
996	5416.82	16252	0
997	5423.34	16252	0
998	5427.46	16252	0
999	5434.97	16252	0
1000	5446.62	16252	0
1001	7.052	7052	0
1002	23.46	16408	0
1003	30.92	16408	0
1004	37.452	16408	0
1005	44.628	16408	0
1006	49.964	16408	0
1007	57.988	16408	0
1008	72.908	16408	0
1009	79.924	16408	0
1010	88.148	16408	0
1011	97.168	16408	0
1012	101.356	16408	0
1013	110.18	16408	0
1014	117.396	16408	0
1015	123.928	16408	0
1016	127.08	16408	0
1017	132.864	16408	0
1018	141.232	16408	0
1019	150.276	16408	0
1020	157.704	16408	0
1021	171.568	16408	0
1022	178.008	16408	0
1023	185.148	16408	0
1024	197.952	16408	0
1025	212.624	16408	0
1026	219.932	16408	0
1027	232.852	16408	0
1028	243.852	16408	0
1029	258.868	16408	0
1030	271.232	16408	0
1031	277.428	16408	0
1032	291.324	16408	0
1033	301.432	16408	0
1034	309.108	16408	0
1035	317.36	16408	0
1036	322.776	16408	0
1037	327.112	16408	0
1038	328.9	16408	0
1039	340.468	16408	0
1040	344.736	16408	0
1041	347.388	16408	0
1042	359.888	16408	0
1043	367.056	16408	0
1044	369.664	16408	0
1045	373.04	16408	0
1046	381.948	16408	0
1047	389.984	16408	0
1048	392.392	16408	0
1049	399.816	16408	0
1050	409.452	16408	0
1051	419.028	16408	0
1052	426.48	16408	0
1053	435.368	16408	0
1054	443.136	16408	0
1055	450.96	16408	0
1056	460.912	16408	0
1057	464.892	16408	0
1058	468.348	16408	0
1059	481.12	16408	0
1060	489.66	16408	0
1061	493.88	16408	0
1062	502.548	16408	0
1063	506.104	16408	0
1064	513.972	16408	0
1065	528.236	16408	0
1066	542.304	16408	0
1067	549.78	16408	0
1068	553.06	16408	0
1069	562.332	16408	0
1070	569.816	16408	0
1071	575.976	16408	0
1072	584.796	16408	0
1073	593.672	16408	0
1074	607.996	16408	0
1075	615.144	16408	0
1076	628.584	16408	0
1077	632.056	16408	0
1078	639.532	16408	0
1079	645.964	16408	0
1080	655.352	16408	0
1081	658.584	16408	0
1082	672.38	16408	0
1083	683.492	16408	0
1084	692.656	16408	0
1085	704.452	16408	0
1086	712.932	16408	0
1087	722.092	16408	0
1088	731.528	16408	0
1089	738.196	16408	0
1090	754.536	16408	0
1091	763.02	16408	0
1092	771.996	16408	0
1093	779.644	16408	0
1094	793.772	16408	0
1095	800.064	16408	0
1096	812.532	16408	0
1097	815.228	16408	0
1098	828.896	16408	0
1099	843.168	16408	0
1100	853.732	16408	0
1101	864.88	16408	0
1102	872.768	16408	0
1103	881.012	16408	0
1104	889.852	16408	0
1105	898.12	16408	0
1106	902.52	16408	0
1107	910.348	16408	0
1108	913.9	16408	0
1109	918.768	16408	0
1110	922.784	16408	0
1111	930.736	16408	0
1112	939.672	16408	0
1113	949.708	16408	0
1114	955.428	16408	0
1115	966.172	16408	0
1116	969.348	16408	0
1117	975.528	16408	0
1118	983.104	16408	0
1119	999.476	16408	0
1120	1003.14	16408	0
1121	1011.09	16408	0
1122	1019.13	16408	0
1123	1027.48	16408	0
1124	1037.46	16408	0
1125	1040.68	16408	0
1126	1050.39	16408	0
1127	1056.56	16408	0
1128	1059.79	16408	0
1129	1071.58	16408	0
1130	1082.86	16408	0
1131	1092.04	16408	0
1132	1105.46	16408	0
1133	1131.17	25708	0
1134	1139.47	25708	0
1135	1151.76	25708	0
1136	1158	25708	0
1137	1165.5	25708	0
1138	1173.95	25708	0
1139	1183.58	25708	0
1140	1189.97	25708	0
1141	1195.71	25708	0
1142	1201.72	25708	0
1143	1216.34	25708	0
1144	1224.45	25708	0
1145	1229.05	25708	0
1146	1232.94	25708	0
1147	1239.35	25708	0
1148	1249.44	25708	0
1149	1258.46	25708	0
1150	1275.39	25708	0
1151	1283.08	25708	0
1152	1291.93	25708	0
1153	1295.84	25708	0
1154	1298.68	25708	0
1155	1304.65	25708	0
1156	1312.98	25708	0
1157	1317.9	25708	0
1158	1326.27	25708	0
1159	1339.74	25708	0
1160	1358.92	25708	0
1161	1365.92	25708	0
1162	1375.48	25708	0
1163	1384.56	25708	0
1164	1391.5	25708	0
1165	1399.03	25708	0
1166	1408.15	25708	0
1167	1422.69	25708	0
1168	1429.07	25708	0
1169	1437.01	25708	0
1170	1451.21	25708	0
1171	1458.6	25708	0
1172	1464.97	25708	0
1173	1473.03	25708	0
1174	1481.26	25708	0
1175	1489.7	25708	0
1176	1493.75	25708	0
1177	1505.85	25708	0
1178	1511.4	25708	0
1179	1520.59	25708	0
1180	1534.41	25708	0
1181	1547.98	25708	0
1182	1555.8	25708	0
1183	1568.91	25708	0
1184	1573.46	25708	0
1185	1587.45	25708	0
1186	1596.38	25708	0
1187	1600.78	25708	0
1188	1609.76	25708	0
1189	1617.72	25708	0
1190	1628.42	25708	0
1191	1635.9	25708	0
1192	1643.71	25708	0
1193	1659.56	25708	0
1194	1668.64	25708	0
1195	1682.46	25708	0
1196	1685.66	25708	0
1197	1698.35	25708	0
1198	1708.89	25708	0
1199	1715.88	25708	0
1200	1720.14	25708	0
1201	1731.67	25708	0
1202	1744.81	25708	0
1203	1748.16	25708	0
1204	1763.55	25708	0
1205	1772.66	25708	0
1206	1781.06	25708	0
1207	1790.85	25708	0
1208	1798.73	25708	0
1209	1810.14	25708	0
1210	1821.79	25708	0
1211	1828.57	25708	0
1212	1839.19	25708	0
1213	1845.62	25708	0
1214	1862.1	25708	0
1215	1867.69	25708	0
1216	1879.77	25708	0
1217	1892.83	25708	0
1218	1897.46	25708	0
1219	1909.65	25708	0
1220	1918.87	25708	0
1221	1928.71	25708	0
1222	1936.07	25708	0
1223	1944.22	25708	0
1224	1951.52	25708	0
1225	1956.39	25708	0
1226	1965.61	25708	0
1227	1972.21	25708	0
1228	1983.12	25708	0
1229	1993.85	25708	0
1230	2006.68	25708	0
1231	2013.71	25708	0
1232	2022.52	25708	0
1233	2030	25708	0
1234	2038.19	25708	0
1235	2043.28	25708	0
1236	2050.78	25708	0
1237	2060.42	25708	0
1238	2068.34	25708	0
1239	2076.07	25708	0
1240	2083.31	25708	0
1241	2098.02	25708	0
1242	2103.88	25708	0
1243	2120.2	25708	0
1244	2129.88	25708	0
1245	2135.92	25708	0
1246	2141.64	25708	0
1247	2160.84	25708	0
1248	2169.04	25708	0
1249	2170.73	25708	0
1250	2185.34	25708	0
1251	2189.41	25708	0
1252	2195.19	25708	0
1253	2204.26	25708	0
1254	2220.9	25708	0
1255	2228.62	25708	0
1256	2240.22	25708	0
1257	2247.01	25708	0
1258	2256.31	25708	0
1259	2272.06	25708	0
1260	2280.65	25708	0
1261	2290.48	25708	0
1262	2298.39	25708	0
1263	2308.33	25708	0
1264	2316.96	25708	0
1265	2325.61	25708	0
1266	2333.3	25708	0
1267	2346.06	25708	0
1268	2352.53	25708	0
1269	2361.29	25708	0
1270	2369.87	25708	0
1271	2376.51	25708	0
1272	2385.96	25708	0
1273	2397.48	25708	0
1274	2416.79	25708	0
1275	2423.46	25708	0
1276	2433.9	25708	0
1277	2437.81	25708	0
1278	2446.31	25708	0
1279	2460.14	25708	0
1280	2467	25708	0
1281	2474.87	25708	0
1282	2484.96	25708	0
1283	2489.62	25708	0
1284	2497.91	25708	0
1285	2501.58	25708	0
1286	2514.12	25708	0
1287	2520.87	25708	0
1288	2530.43	25708	0
1289	2534.06	25708	0
1290	2539.56	25708	0
1291	2543.53	25708	0
1292	2552.29	25708	0
1293	2555.98	25708	0
1294	2564.86	25708	0
1295	2573.74	25708	0
1296	2586.68	25708	0
1297	2590.64	25708	0
1298	2599.56	25708	0
1299	2611.91	25708	0
1300	2624.96	25708	0
1301	2634.86	25708	0
1302	2641.25	25708	0
1303	2642.68	25708	0
1304	2649.27	25708	0
1305	2653.48	25708	0
1306	2657.22	25708	0
1307	2666.36	25708	0
1308	2682.28	25708	0
1309	2686.29	25708	0
1310	2692.88	25708	0
1311	2700.14	25708	0
1312	2715.88	25708	0
1313	2719.75	25708	0
1314	2730.79	25708	0
1315	2739.42	25708	0
1316	2741.13	25708	0
1317	2744.53	25708	0
1318	2751.83	25708	0
1319	2769.28	25708	0
1320	2771.45	25708	0
1321	2780.4	25708	0
1322	2785.63	25708	0
1323	2795.63	25708	0
1324	2809.69	25708	0
1325	2816.24	25708	0
1326	2831.7	25708	0
1327	2834.34	25708	0
1328	2838.57	25708	0
1329	2842.74	25708	0
1330	2850.67	25708	0
1331	2878.29	27616	0
1332	2890.5	27616	0
1333	2896.69	27616	0
1334	2905.48	27616	0
1335	2912.91	27616	0
1336	2921.18	27616	0
1337	2930.9	27616	0
1338	2938.71	27616	0
1339	2954.61	27616	0
1340	2962.79	27616	0
1341	2968.64	27616	0
1342	2976.72	27616	0
1343	2979.74	27616	0
1344	2995.07	27616	0
1345	2999.25	27616	0
1346	3007.78	27616	0
1347	3020.01	27616	0
1348	3028.06	27616	0
1349	3037.71	27616	0
1350	3051.68	27616	0
1351	3059.15	27616	0
1352	3064.99	27616	0
1353	3072.91	27616	0
1354	3077.51	27616	0
1355	3087.26	27616	0
1356	3096.24	27616	0
1357	3100.09	27616	0
1358	3108.84	27616	0
1359	3121.26	27616	0
1360	3126.11	27616	0
1361	3135.33	27616	0
1362	3138.67	27616	0
1363	3146.72	27616	0
1364	3151.5	27616	0
1365	3159.31	27616	0
1366	3173.65	27616	0
1367	3183.51	27616	0
1368	3190.07	27616	0
1369	3195.2	27616	0
1370	3198.7	27616	0
1371	3202.82	27616	0
1372	3212.35	27616	0
1373	3223.48	27616	0
1374	3251.36	27880	0
1375	3263.96	27880	0
1376	3276.52	27880	0
1377	3284.22	27880	0
1378	3292.41	27880	0
1379	3301.82	27880	0
1380	3313.91	27880	0
1381	3322.7	27880	0
1382	3338.3	27880	0
1383	3344.74	27880	0
1384	3353.99	27880	0
1385	3366.48	27880	0
1386	3373.99	27880	0
1387	3381.55	27880	0
1388	3390.54	27880	0
1389	3399.56	27880	0
1390	3408.84	27880	0
1391	3418.52	27880	0
1392	3432.61	27880	0
1393	3447.67	27880	0
1394	3455.57	27880	0
1395	3470.28	27880	0
1396	3487.31	27880	0
1397	3492.61	27880	0
1398	3502.13	27880	0
1399	3513.69	27880	0
1400	3527.46	27880	0
1401	3546.54	27880	0
1402	3557.21	27880	0
1403	3564.36	27880	0
1404	3572.45	27880	0
1405	3588.26	27880	0
1406	3591.86	27880	0
1407	3601.44	27880	0
1408	3610.96	27880	0
1409	3621.71	27880	0
1410	3635.86	27880	0
1411	3644.05	27880	0
1412	3668.17	27880	0
1413	3677.78	27880	0
1414	3683.83	27880	0
1415	3693.65	27880	0
1416	3697.02	27880	0
1417	3701.39	27880	0
1418	3704.6	27880	0
1419	3712.52	27880	0
1420	3738.76	27880	0
1421	3742.51	27880	0
1422	3758.07	27880	0
1423	3766.47	27880	0
1424	3776.4	27880	0
1425	3783.79	27880	0
1426	3791.02	27880	0
1427	3798.82	27880	0
1428	3807.6	27880	0
1429	3814.91	27880	0
1430	3828.14	27880	0
1431	3836.3	27880	0
1432	3842.44	27880	0
1433	3851.62	27880	0
1434	3859.56	27880	0
1435	3863.19	27880	0
1436	3875.46	27880	0
1437	3885.33	27880	0
1438	3894.93	27880	0
1439	3904.6	27880	0
1440	3919.94	27880	0
1441	3930.29	27880	0
1442	3934.48	27880	0
1443	3949.76	27880	0
1444	3958.08	27880	0
1445	3967.13	27880	0
1446	3971	27880	0
1447	3974.11	27880	0
1448	3983.3	27880	0
1449	3999.4	27880	0
1450	4010.93	27880	0
1451	4028	27880	0
1452	4038.21	27880	0
1453	4045.44	27880	0
1454	4058.32	27880	0
1455	4062.7	27880	0
1456	4075.22	27880	0
1457	4091.56	27880	0
1458	4096.18	27880	0
1459	4104.81	27880	0
1460	4121.12	27880	0
1461	4131.78	27880	0
1462	4149.32	27880	0
1463	4157.18	27880	0
1464	4166.96	27880	0
1465	4173.18	27880	0
1466	4182.12	27880	0
1467	4190.05	27880	0
1468	4206.24	27880	0
1469	4215.74	27880	0
1470	4221.69	27880	0
1471	4229.9	27880	0
1472	4243.97	27880	0
1473	4259.58	27880	0
1474	4269.61	27880	0
1475	4277.33	27880	0
1476	4292.23	27880	0
1477	4295.68	27880	0
1478	4307.47	27880	0
1479	4317.36	27880	0
1480	4323.76	27880	0
1481	4329.22	27880	0
1482	4337.67	27880	0
1483	4341.92	27880	0
1484	4361.3	27880	0
1485	4376.61	27880	0
1486	4384.46	27880	0
1487	4397.84	27880	0
1488	4405.94	27880	0
1489	4411.38	27880	0
1490	4420.84	27880	0
1491	4429.56	27880	0
1492	4445.94	27880	0
1493	4452.04	27880	0
1494	4466.87	27880	0
1495	4474.59	27880	0
1496	4483.28	27880	0
1497	4499.16	27880	0
1498	4507.86	27880	0
1499	4515.8	27880	0
1500	4520.21	27880	0
1501	4532.05	27880	0
1502	4541.26	27880	0
1503	4550.36	27880	0
1504	4558.27	27880	0
1505	4562.09	27880	0
1506	4578.52	27880	0
1507	4586.99	27880	0
1508	4594.36	27880	0
1509	4598.39	27880	0
1510	4613.47	27880	0
1511	4622.02	27880	0
1512	4630	27880	0
1513	4644.85	27880	0
1514	4651.65	27880	0
1515	4672.39	27880	0
1516	4681.94	27880	0
1517	4697.66	27880	0
1518	4706.56	27880	0
1519	4715.34	27880	0
1520	4730.37	27880	0
1521	4740.28	27880	0
1522	4752.71	27880	0
1523	4756.24	27880	0
1524	4764.28	27880	0
1525	4779.58	27880	0
1526	4785.61	27880	0
1527	4789.36	27880	0
1528	4802.42	27880	0
1529	4805.02	27880	0
1530	4808.68	27880	0
1531	4817.15	27880	0
1532	4826.1	27880	0
1533	4840.2	27880	0
1534	4848.26	27880	0
1535	4856.46	27880	0
1536	4865.27	27880	0
1537	4879.05	27880	0
1538	4885.49	27880	0
1539	4894.68	27880	0
1540	4901.37	27880	0
1541	4909.53	27880	0
1542	4917.64	27880	0
1543	4925.21	27880	0
1544	4936.83	27880	0
1545	4947.15	27880	0
1546	4955.84	27880	0
1547	4963.33	27880	0
1548	4968.26	27880	0
1549	4976.33	27880	0
1550	4983.93	27880	0
1551	4993.15	27880	0
1552	5002.95	27880	0
1553	5011.93	27880	0
1554	5021.3	27880	0
1555	5034.19	27880	0
1556	5046.94	27880	0
1557	5056.07	27880	0
1558	5062.24	27880	0
1559	5071.18	27880	0
1560	5084.23	27880	0
1561	5100.42	27880	0
1562	5111.02	27880	0
1563	5119.31	27880	0
1564	5132.62	27880	0
1565	5143.22	27880	0
1566	5160.48	27880	0
1567	5176.78	27880	0
1568	5193.03	27880	0
1569	5201.16	27880	0
1570	5215.66	27880	0
1571	5226.4	27880	0
1572	5235.37	27880	0
1573	5252.27	27880	0
1574	5260.36	27880	0
1575	5276.21	27880	0
1576	5290.38	27880	0
1577	5293.68	27880	0
1578	5306.13	27880	0
1579	5319.47	27880	0
1580	5326.96	27880	0
1581	5332.44	27880	0
1582	5344.57	27880	0
1583	5359.24	27880	0
1584	5368.64	27880	0
1585	5376.33	27880	0
1586	5386.58	27880	0
1587	5395.05	27880	0
1588	5401.59	27880	0
1589	5410.28	27880	0
1590	5418.42	27880	0
1591	5428.85	27880	0
1592	5441.08	27880	0
1593	5447.86	27880	0
1594	5457.03	27880	0
1595	5471.47	27880	0
1596	5486.45	27880	0
1597	5496.42	27880	0
1598	5508.53	27880	0
1599	5517.24	27880	0
1600	5530.32	27880	0
1601	5539.2	27880	0
1602	5550.52	27880	0
1603	5560.49	27880	0
1604	5565.03	27880	0
1605	5574.58	27880	0
1606	5578.76	27880	0
1607	5591.81	27880	0
1608	5598.91	27880	0
1609	5607.76	27880	0
1610	5617.63	27880	0
1611	5627.12	27880	0
1612	5635.91	27880	0
1613	5648.26	27880	0
1614	5661.67	27880	0
1615	5677.27	27880	0
1616	5682.71	27880	0
1617	5695.42	27880	0
1618	5704.34	27880	0
1619	5713.46	27880	0
1620	5720.66	27880	0
1621	5723.95	27880	0
1622	5729.51	27880	0
1623	5743.58	27880	0
1624	5751.83	27880	0
1625	5764.74	27880	0
1626	5772.22	27880	0
1627	5781.31	27880	0
1628	5787.09	27880	0
1629	5790.42	27880	0
1630	5806.91	27880	0
1631	5812.49	27880	0
1632	5814.7	27880	0
1633	5824.52	27880	0
1634	5846.8	27880	0
1635	5857.43	27880	0
1636	5859.7	27880	0
1637	5868.43	27880	0
1638	5877.26	27880	0
1639	5894.22	27880	0
1640	5908.89	27880	0
1641	5933.32	27880	0
1642	5943.47	27880	0
1643	5947.63	27880	0
1644	5955.79	27880	0
1645	5969.8	27880	0
1646	5978.75	27880	0
1647	5986.42	27880	0
1648	5992.4	27880	0
1649	6001.42	27880	0
1650	6012.94	27880	0
1651	6030.04	27880	0
1652	6042.96	27880	0
1653	6059.59	27880	0
1654	6069.34	27880	0
1655	6082.17	27880	0
1656	6098.4	27880	0
1657	6111.66	27880	0
1658	6120.84	27880	0
1659	6125.25	27880	0
1660	6131.05	27880	0
1661	6136.57	27880	0
1662	6146.23	27880	0
1663	6155.09	27880	0
1664	6164.74	27880	0
1665	6177.86	27880	0
1666	6186.79	27880	0
1667	6194.7	27880	0
1668	6198.26	27880	0
1669	6212.46	27880	0
1670	6219.23	27880	0
1671	6226.39	27880	0
1672	6235.91	27880	0
1673	6251.1	27880	0
1674	6260.92	27880	0
1675	6269.7	27880	0
1676	6273.59	27880	0
1677	6281.7	27880	0
1678	6297.77	27880	0
1679	6307.34	27880	0
1680	6316.34	27880	0
1681	6323.15	27880	0
1682	6330.93	27880	0
1683	6339.64	27880	0
1684	6345.44	27880	0
1685	6357.62	27880	0
1686	6363.85	27880	0
1687	6376.18	27880	0
1688	6390.48	27880	0
1689	6402.52	27880	0
1690	6411.2	27880	0
1691	6426.92	27880	0
1692	6437.84	27880	0
1693	6446.76	27880	0
1694	6459.7	27880	0
1695	6468.6	27880	0
1696	6485.25	27880	0
1697	6494.84	27880	0
1698	6522.67	27880	0
1699	6531.9	27880	0
1700	6542.22	27880	0
1701	6550.54	27880	0
1702	6560.3	27880	0
1703	6575.22	27880	0
1704	6579.64	27880	0
1705	6582.9	27880	0
1706	6599.08	27880	0
1707	6607.86	27880	0
1708	6612.04	27880	0
1709	6616.1	27880	0
1710	6624.54	27880	0
1711	6635.03	27880	0
1712	6643.83	27880	0
1713	6651.98	27880	0
1714	6665.29	27880	0
1715	6674.38	27880	0
1716	6684.48	27880	0
1717	6692.65	27880	0
1718	6708.37	27880	0
1719	6716.54	27880	0
1720	6735.2	27880	0
1721	6744.76	27880	0
1722	6753.12	27880	0
1723	6766.37	27880	0
1724	6779.88	27880	0
1725	6788.65	27880	0
1726	6792.35	27880	0
1727	6802.76	27880	0
1728	6818.56	27880	0
1729	6822.42	27880	0
1730	6830.36	27880	0
1731	6839.78	27880	0
1732	6848.57	27880	0
1733	6857.76	27880	0
1734	6860.92	27880	0
1735	6877.86	27880	0
1736	6891.84	27880	0
1737	6900.85	27880	0
1738	6909.28	27880	0
1739	6923.36	27880	0
1740	6932.23	27880	0
1741	6945.8	27880	0
1742	6958.61	27880	0
1743	6968.73	27880	0
1744	6980.96	27880	0
1745	6989.77	27880	0
1746	7001.88	27880	0
1747	7012	27880	0
1748	7025.32	27880	0
1749	7032.55	27880	0
1750	7039.18	27880	0
1751	7051.47	27880	0
1752	7062.95	27880	0
1753	7072.22	27880	0
1754	7082.17	27880	0
1755	7088.57	27880	0
1756	7092.07	27880	0
1757	7100.56	27880	0
1758	7106.94	27880	0
1759	7122.55	27880	0
1760	7134.7	27880	0
1761	7139.81	27880	0
1762	7148.56	27880	0
1763	7156	27880	0
1764	7170.02	27880	0
1765	7188.4	27880	0
1766	7203.39	27880	0
1767	7219.76	27880	0
1768	7225.35	27880	0
1769	7238.05	27880	0
1770	7255.19	27880	0
1771	7271.66	27880	0
1772	7287.12	27880	0
1773	7303.13	27880	0
1774	7318.41	27880	0
1775	7329.94	27880	0
1776	7338.74	27880	0
1777	7349.96	27880	0
1778	7354.18	27880	0
1779	7376.33	27880	0
1780	7384.75	27880	0
1781	7395.77	27880	0
1782	7413.78	27880	0
1783	7432.38	27880	0
1784	7441.61	27880	0
1785	7447.68	27880	0
1786	7458.06	27880	0
1787	7472.77	27880	0
1788	7481.98	27880	0
1789	7493.88	27880	0
1790	7507.92	27880	0
1791	7521.9	27880	0
1792	7541.86	27880	0
1793	7550.94	27880	0
1794	7559.32	27880	0
1795	7569.5	27880	0
1796	7582.94	27880	0
1797	7590.66	27880	0
1798	7598.46	27880	0
1799	7607.23	27880	0
1800	7619.37	27880	0
1801	7634.1	27880	0
1802	7648.02	27880	0
1803	7663.93	27880	0
1804	7673.19	27880	0
1805	7687.75	27880	0
1806	7703.75	27880	0
1807	7711.91	27880	0
1808	7719.89	27880	0
1809	7731.79	27880	0
1810	7741.03	27880	0
1811	7746.95	27880	0
1812	7754.21	27880	0
1813	7769.41	27880	0
1814	7777.04	27880	0
1815	7786.26	27880	0
1816	7802.61	27880	0
1817	7815.36	27880	0
1818	7831.59	27880	0
1819	7841.12	27880	0
1820	7847.37	27880	0
1821	7851.23	27880	0
1822	7861.2	27880	0
1823	7868.36	27880	0
1824	7877.63	27880	0
1825	7889.59	27880	0
1826	7896.15	27880	0
1827	7903.42	27880	0
1828	7914.78	27880	0
1829	7926.94	27880	0
1830	7933.59	27880	0
1831	7942.8	27880	0
1832	7946.26	27880	0
1833	7972.46	27880	0
1834	7988.68	27880	0
1835	8003.02	27880	0
1836	8012.52	27880	0
1837	8021.3	27880	0
1838	8027.52	27880	0
1839	8037.7	27880	0
1840	8051.58	27880	0
1841	8060.34	27880	0
1842	8069.17	27880	0
1843	8077.27	27880	0
1844	8085.18	27880	0
1845	8090.92	27880	0
1846	8100.84	27880	0
1847	8117.9	27880	0
1848	8127	27880	0
1849	8136.87	27880	0
1850	8153.26	27880	0
1851	8161.53	27880	0
1852	8178.15	27880	0
1853	8192.57	27880	0
1854	8200.55	27880	0
1855	8208.9	27880	0
1856	8219.58	27880	0
1857	8230.92	27880	0
1858	8244.19	27880	0
1859	8252.4	27880	0
1860	8264.34	27880	0
1861	8269.84	27880	0
1862	8279.2	27880	0
1863	8286.71	27880	0
1864	8301.24	27880	0
1865	8313.7	27880	0
1866	8328.8	27880	0
1867	8341.94	27880	0
1868	8350.9	27880	0
1869	8363.4	27880	0
1870	8378.14	27880	0
1871	8382.3	27880	0
1872	8396.48	27880	0
1873	8398.15	27880	0
1874	8403.6	27880	0
1875	8412.31	27880	0
1876	8425.41	27880	0
1877	8434.55	27880	0
1878	8448.4	27880	0
1879	8463.39	27880	0
1880	8471.78	27880	0
1881	8484.68	27880	0
1882	8494.68	27880	0
1883	8505.36	27880	0
1884	8519.96	27880	0
1885	8527.37	27880	0
1886	8530.85	27880	0
1887	8553.95	27880	0
1888	8567.17	27880	0
1889	8582.04	27880	0
1890	8592.36	27880	0
1891	8614.73	27880	0
1892	8631.27	27880	0
1893	8638.64	27880	0
1894	8656.18	27880	0
1895	8673.06	27880	0
1896	8676.25	27880	0
1897	8686.48	27880	0
1898	8690.65	27880	0
1899	8698.14	27880	0
1900	8707.9	27880	0
1901	8715.95	27880	0
1902	8725.2	27880	0
1903	8734.96	27880	0
1904	8742.42	27880	0
1905	8751.58	27880	0
1906	8760.67	27880	0
1907	8769.9	27880	0
1908	8779.84	27880	0
1909	8796.48	27880	0
1910	8800.68	27880	0
1911	8812.99	27880	0
1912	8826.84	27880	0
1913	8841.93	27880	0
1914	8857.86	27880	0
1915	8867.2	27880	0
1916	8874.27	27880	0
1917	8882.88	27880	0
1918	8900.06	27880	0
1919	8917.18	27880	0
1920	8928.11	27880	0
1921	8937.82	27880	0
1922	8946.44	27880	0
1923	8960.64	27880	0
1924	8967.09	27880	0
1925	8974.74	27880	0
1926	8982.42	27880	0
1927	9009.92	27880	0
1928	9023.15	27880	0
1929	9031.64	27880	0
1930	9035.78	27880	0
1931	9050.28	27880	0
1932	9064	27880	0
1933	9069.72	27880	0
1934	9078.6	27880	0
1935	9092.99	27880	0
1936	9099.98	27880	0
1937	9113.89	27880	0
1938	9127.77	27880	0
1939	9137.55	27880	0
1940	9149.7	27880	0
1941	9159.54	27880	0
1942	9177.64	27880	0
1943	9185.68	27880	0
1944	9193.14	27880	0
1945	9197.14	27880	0
1946	9207.13	27880	0
1947	9214.89	27880	0
1948	9231.48	27880	0
1949	9238.73	27880	0
1950	9242.45	27880	0
1951	9253.5	27880	0
1952	9263.01	27880	0
1953	9277.2	27880	0
1954	9295.3	27880	0
1955	9303.92	27880	0
1956	9316.73	27880	0
1957	9343	27880	0
1958	9350.51	27880	0
1959	9358.63	27880	0
1960	9366.83	27880	0
1961	9384.49	27880	0
1962	9388.4	27880	0
1963	9394.22	27880	0
1964	9402.03	27880	0
1965	9418.23	27880	0
1966	9432.65	27880	0
1967	9440.09	27880	0
1968	9449.41	27880	0
1969	9455.91	27880	0
1970	9458.33	27880	0
1971	9472.91	27880	0
1972	9487.66	27880	0
1973	9495.51	27880	0
1974	9502.6	27880	0
1975	9520.37	27880	0
1976	9530.44	27880	0
1977	9539.88	27880	0
1978	9552.27	27880	0
1979	9561.44	27880	0
1980	9565.52	27880	0
1981	9568.17	27880	0
1982	9585.08	27880	0
1983	9601.98	27880	0
1984	9606.47	27880	0
1985	9614.53	27880	0
1986	9630.15	27880	0
1987	9641.53	27880	0
1988	9644.98	27880	0
1989	9653.2	27880	0
1990	9670.8	27880	0
1991	9677.91	27880	0
1992	9692.59	27880	0
1993	9698.76	27880	0
1994	9715.06	27880	0
1995	9720.95	27880	0
1996	9724.41	27880	0
1997	9734.56	27880	0
1998	9738.83	27880	0
1999	9745.27	27880	0
2000	9756.95	27880	1.2
2001	13.9	13900	0
2002	23.832	13900	0
2003	37.028	13900	0
2004	46.476	13900	0
2005	50.608	13900	0
2006	65.428	14820	0
2007	72.964	14820	0
2008	81.148	14820	0
2009	90.472	14820	0
2010	96.544	14820	0
2011	111.476	14932	0
2012	127.828	16352	0
2013	133.864	16352	0
2014	143.924	16352	0
2015	160.556	16632	0
2016	170.208	16632	0
2017	177.572	16632	0
2018	193.768	16632	0
2019	206.124	16632	0
2020	215.496	16632	0
2021	231.524	16632	0
2022	237.88	16632	0
2023	254.076	16632	0
2024	268.968	16632	0
2025	272.996	16632	0
2026	281.608	16632	0
2027	288.968	16632	0
2028	303.232	16632	0
2029	309.648	16632	0
2030	320.836	16632	0
2031	333.044	16632	0
2032	348.144	16632	0
2033	354.276	16632	0
2034	362.924	16632	0
2035	370.336	16632	0
2036	386.8	16632	0
2037	402.112	16632	0
2038	405.292	16632	0
2039	415.532	16632	0
2040	428.34	16632	0
2041	432.48	16632	0
2042	436.724	16632	0
2043	449.848	16632	0
2044	457.808	16632	0
2045	468.064	16632	0
2046	475.76	16632	0
2047	488.152	16632	0
2048	499.844	16632	0
2049	517.196	17352	0
2050	524.548	17352	0
2051	533.164	17352	0
2052	541.012	17352	0
2053	557.176	17352	0
2054	566.424	17352	0
2055	569.92	17352	0
2056	578.112	17352	0
2057	602.084	23972	0
2058	611	23972	0
2059	620.06	23972	0
2060	631.616	23972	0
2061	647.196	23972	0
2062	656.484	23972	0
2063	665.972	23972	0
2064	675.716	23972	0
2065	684.676	23972	0
2066	692.052	23972	0
2067	700.996	23972	0
2068	709.752	23972	0
2069	713.344	23972	0
2070	722.292	23972	0
2071	738.836	23972	0
2072	755.224	23972	0
2073	765.092	23972	0
2074	773.596	23972	0
2075	788.564	23972	0
2076	797.24	23972	0
2077	812.104	23972	0
2078	828.304	23972	0
2079	836.352	23972	0
2080	850.724	23972	0
2081	868.54	23972	0
2082	884.008	23972	0
2083	889.696	23972	0
2084	898.796	23972	0
2085	909.372	23972	0
2086	917.224	23972	0
2087	924.624	23972	0
2088	938.572	23972	0
2089	953.276	23972	0
2090	970.08	23972	0
2091	982.696	23972	0
2092	986.288	23972	0
2093	994.04	23972	0
2094	1002.96	23972	0
2095	1012.85	23972	0
2096	1020.36	23972	0
2097	1039.13	23972	0
2098	1047.16	23972	0
2099	1056	23972	0
2100	1066.18	23972	0
2101	1074.16	23972	0
2102	1085.09	23972	0
2103	1102.19	23972	0
2104	1120.11	23972	0
2105	1127.94	23972	0
2106	1137.07	23972	0
2107	1144.63	23972	0
2108	1153.26	23972	0
2109	1163.26	23972	0
2110	1176.14	23972	0
2111	1188.38	23972	0
2112	1202.8	23972	0
2113	1211.72	23972	0
2114	1226.66	23972	0
2115	1238.72	23972	0
2116	1248.31	23972	0
2117	1254.72	23972	0
2118	1262.14	23972	0
2119	1279.96	23972	0
2120	1288.2	23972	0
2121	1297.34	23972	0
2122	1301.42	23972	0
2123	1311.64	23972	0
2124	1319.53	23972	0
2125	1326.32	23972	0
2126	1342.91	23972	0
2127	1355.79	23972	0
2128	1365.16	23972	0
2129	1377.86	23972	0
2130	1395.06	23972	0
2131	1398.36	23972	0
2132	1405.09	23972	0
2133	1417.67	23972	0
2134	1435.12	23972	0
2135	1439.08	23972	0
2136	1455.96	23972	0
2137	1463.76	23972	0
2138	1476.24	23972	0
2139	1484.11	23972	0
2140	1500.26	23972	0
2141	1513.87	23972	0
2142	1528.6	23972	0
2143	1536.47	23972	0
2144	1546.15	23972	0
2145	1554.04	23972	0
2146	1561.89	23972	0
2147	1570.02	23972	0
2148	1578.46	23972	0
2149	1601.26	23972	0
2150	1610.16	23972	0
2151	1626.33	23972	0
2152	1634.78	23972	0
2153	1643.44	23972	0
2154	1665.1	23972	0
2155	1682.36	23972	0
2156	1694.27	23972	0
2157	1704.24	23972	0
2158	1713.06	23972	0
2159	1722.83	23972	0
2160	1732.13	23972	0
2161	1761.12	28988	0
2162	1776.78	28988	0
2163	1788.34	28988	0
2164	1802.75	28988	0
2165	1815.99	28988	0
2166	1823.44	28988	0
2167	1831.59	28988	0
2168	1835.68	28988	0
2169	1839.15	28988	0
2170	1849.62	28988	0
2171	1862.88	28988	0
2172	1872.42	28988	0
2173	1878.87	28988	0
2174	1889.92	28988	0
2175	1903.38	28988	0
2176	1916.94	28988	0
2177	1925.84	28988	0
2178	1928.58	28988	0
2179	1937.47	28988	0
2180	1945.81	28988	0
2181	1956.69	28988	0
2182	1964.2	28988	0
2183	1976.59	28988	0
2184	1988.18	28988	0
2185	1992.99	28988	0
2186	2006.39	28988	0
2187	2015.09	28988	0
2188	2028.9	28988	0
2189	2044.03	28988	0
2190	2053.13	28988	0
2191	2065.58	28988	0
2192	2081.42	28988	0
2193	2087.58	28988	0
2194	2095.46	28988	0
2195	2113.01	28988	0
2196	2120.86	28988	0
2197	2132.61	28988	0
2198	2141.85	28988	0
2199	2149.81	28988	0
2200	2162.82	28988	0
2201	2175.78	28988	0
2202	2185.45	28988	0
2203	2199.83	28988	0
2204	2215.83	28988	0
2205	2224.81	28988	0
2206	2229.62	28988	0
2207	2249.13	28988	0
2208	2258.23	28988	0
2209	2278.15	28988	0
2210	2284.73	28988	0
2211	2300.24	28988	0
2212	2309.31	28988	0
2213	2323.07	28988	0
2214	2332.4	28988	0
2215	2340.17	28988	0
2216	2349.26	28988	0
2217	2364.37	28988	0
2218	2377.2	28988	0
2219	2390.42	28988	0
2220	2402.22	28988	0
2221	2411.51	28988	0
2222	2417.52	28988	0
2223	2432.84	28988	0
2224	2449.44	28988	0
2225	2461.56	28988	0
2226	2474.54	28988	0
2227	2483.74	28988	0
2228	2495.16	28988	0
2229	2503.5	28988	0
2230	2512.34	28988	0
2231	2524.68	28988	0
2232	2542.46	28988	0
2233	2554.66	28988	0
2234	2568.93	28988	0
2235	2578.15	28988	0
2236	2586.06	28988	0
2237	2595.83	28988	0
2238	2604.31	28988	0
2239	2609.56	28988	0
2240	2623.37	28988	0
2241	2639.24	28988	0
2242	2654.26	28988	0
2243	2661.7	28988	0
2244	2670.03	28988	0
2245	2696.73	28988	0
2246	2705.48	28988	0
2247	2732.15	28988	0
2248	2743.6	28988	0
2249	2752.36	28988	0
2250	2762.57	28988	0
2251	2781.22	28988	0
2252	2796.99	28988	0
2253	2805.24	28988	0
2254	2813.64	28988	0
2255	2823.33	28988	0
2256	2832.45	28988	0
2257	2838.99	28988	0
2258	2840.22	28988	0
2259	2846.32	28988	0
2260	2868.24	28988	0
2261	2875.6	28988	0
2262	2884.37	28988	0
2263	2893.9	28988	0
2264	2918.21	28988	0
2265	2925.03	28988	0
2266	2933.74	28988	0
2267	2939.36	28988	0
2268	2953.54	28988	0
2269	2961.91	28988	0
2270	2976.89	28988	0
2271	2994.73	28988	0
2272	3003.45	28988	0
2273	3011.91	28988	0
2274	3027.96	28988	0
2275	3037.13	28988	0
2276	3049.72	28988	0
2277	3069.1	28988	0
2278	3077.47	28988	0
2279	3094.44	28988	0
2280	3103.75	28988	0
2281	3117.98	28988	0
2282	3135.43	28988	0
2283	3144.31	28988	0
2284	3158.63	28988	0
2285	3166.4	28988	0
2286	3178.68	28988	0
2287	3190.9	28988	0
2288	3200.4	28988	0
2289	3211.15	28988	0
2290	3228.12	28988	0
2291	3237.18	28988	0
2292	3251.94	28988	0
2293	3261.76	28988	0
2294	3270.97	28988	0
2295	3276.77	28988	0
2296	3282.49	28988	0
2297	3289.02	28988	0
2298	3302.21	28988	0
2299	3315.95	28988	0
2300	3328.21	28988	0
2301	3344.61	28988	0
2302	3350.88	28988	0
2303	3359.83	28988	0
2304	3378.07	28988	0
2305	3386.88	28988	0
2306	3394.98	28988	0
2307	3404.19	28988	0
2308	3420.3	28988	0
2309	3427.62	28988	0
2310	3436.91	28988	0
2311	3443.24	28988	0
2312	3456.24	28988	0
2313	3464.56	28988	0
2314	3470.48	28988	0
2315	3482.94	28988	0
2316	3486.9	28988	0
2317	3498.39	28988	0
2318	3512.35	28988	0
2319	3524.92	28988	0
2320	3534.74	28988	0
2321	3550.25	28988	0
2322	3558.55	28988	0
2323	3568.99	28988	0
2324	3590.41	28988	0
2325	3600.56	28988	0
2326	3617.74	28988	0
2327	3626.81	28988	0
2328	3635.95	28988	0
2329	3643.32	28988	0
2330	3661.47	28988	0
2331	3670.58	28988	0
2332	3676.98	28988	0
2333	3685.24	28988	0
2334	3695.3	28988	0
2335	3701.06	28988	0
2336	3714.76	28988	0
2337	3731.93	28988	0
2338	3746.52	28988	0
2339	3763.96	28988	0
2340	3776.53	28988	0
2341	3785.75	28988	0
2342	3799.52	28988	0
2343	3807.92	28988	0
2344	3817.72	28988	0
2345	3825.32	28988	0
2346	3831.57	28988	0
2347	3841.41	28988	0
2348	3850.93	28988	0
2349	3857.12	28988	0
2350	3871.77	28988	0
2351	3879.55	28988	0
2352	3896.84	28988	0
2353	3908.22	28988	0
2354	3923.68	28988	0
2355	3938.17	28988	0
2356	3948.75	28988	0
2357	3962.87	28988	0
2358	3966.4	28988	0
2359	3978.39	28988	0
2360	3989.37	28988	0
2361	4001.58	28988	0
2362	4015.5	28988	0
2363	4024.24	28988	0
2364	4030.64	28988	0
2365	4050.11	28988	0
2366	4070.09	28988	0
2367	4079.63	28988	0
2368	4095.03	28988	0
2369	4102.56	28988	0
2370	4116.08	28988	0
2371	4118.28	28988	0
2372	4122.92	28988	0
2373	4136.28	28988	0
2374	4144.48	28988	0
2375	4161.95	28988	0
2376	4168.48	28988	0
2377	4182.27	28988	0
2378	4191.53	28988	0
2379	4199.61	28988	0
2380	4211.09	28988	0
2381	4231.72	28988	0
2382	4239	28988	0
2383	4251.48	28988	0
2384	4256.02	28988	0
2385	4265.09	28988	0
2386	4281.75	28988	0
2387	4291.5	28988	0
2388	4300.84	28988	0
2389	4307.26	28988	0
2390	4317.1	28988	0
2391	4327.78	28988	0
2392	4337.04	28988	0
2393	4342.4	28988	0
2394	4354.34	28988	0
2395	4367.54	28988	0
2396	4381.64	28988	0
2397	4399.5	28988	0
2398	4413.9	28988	0
2399	4423.62	28988	0
2400	4439.45	28988	0
2401	4454.53	28988	0
2402	4464.6	28988	0
2403	4491.72	28988	0
2404	4501.27	28988	0
2405	4513.45	28988	0
2406	4521.76	28988	0
2407	4539.98	28988	0
2408	4550.38	28988	0
2409	4567.77	28988	0
2410	4592.65	28988	0
2411	4607.15	28988	0
2412	4616.84	28988	0
2413	4633.76	28988	0
2414	4642.55	28988	0
2415	4650.86	28988	0
2416	4654.35	28988	0
2417	4661.83	28988	0
2418	4679.77	28988	0
2419	4695.68	28988	0
2420	4702.8	28988	0
2421	4712.02	28988	0
2422	4721.14	28988	0
2423	4728.14	28988	0
2424	4743.08	28988	0
2425	4747.21	28988	0
2426	4761.77	28988	0
2427	4774.07	28988	0
2428	4783.2	28988	0
2429	4792.91	28988	0
2430	4800.36	28988	0
2431	4806.82	28988	0
2432	4815.04	28988	0
2433	4829.95	28988	0
2434	4834.14	28988	0
2435	4846.63	28988	0
2436	4855.84	28988	0
2437	4862.41	28988	0
2438	4876.74	28988	0
2439	4892.14	28988	0
2440	4898.46	28988	0
2441	4905.98	28988	0
2442	4921.66	28988	0
2443	4929.86	28988	0
2444	4944.9	28988	0
2445	4946.29	28988	0
2446	4962.45	28988	0
2447	4971.85	28988	0
2448	4983.9	28988	0
2449	4991.24	28988	0
2450	5003	28988	0
2451	5012.55	28988	0
2452	5028.26	28988	0
2453	5039.98	28988	0
2454	5044.97	28988	0
2455	5057.43	28988	0
2456	5063.92	28988	0
2457	5072.84	28988	0
2458	5075.5	28988	0
2459	5086.89	28988	0
2460	5095.98	28988	0
2461	5106.76	28988	0
2462	5122.98	28988	0
2463	5129.3	28988	0
2464	5146.77	28988	0
2465	5153.73	28988	0
2466	5169.97	28988	0
2467	5177.1	28988	0
2468	5186.86	28988	0
2469	5192.73	28988	0
2470	5202.34	28988	0
2471	5210.83	28988	0
2472	5218.98	28988	0
2473	5230.79	28988	0
2474	5243.29	28988	0
2475	5251.13	28988	0
2476	5259.85	28988	0
2477	5267.64	28988	0
2478	5277.66	28988	0
2479	5287.73	28988	0
2480	5294.19	28988	0
2481	5302.12	28988	0
2482	5314.2	28988	0
2483	5320.03	28988	0
2484	5327.4	28988	0
2485	5334.75	28988	0
2486	5349.38	28988	0
2487	5357.46	28988	0
2488	5367.29	28988	0
2489	5379.55	28988	0
2490	5391.92	28988	0
2491	5410.68	28988	0
2492	5416.36	28988	0
2493	5431.27	28988	0
2494	5443.38	28988	0
2495	5451.72	28988	0
2496	5459.98	28988	0
2497	5476.22	28988	0
2498	5485.72	28988	0
2499	5492.48	28988	0
2500	5503.54	28988	0
2501	5516.94	28988	0
2502	5529.49	28988	0
2503	5538.94	28988	0
2504	5548.3	28988	0
2505	5562.12	28988	0
2506	5576.48	28988	0
2507	5586.02	28988	0
2508	5592.2	28988	0
2509	5612.03	28988	0
2510	5626.89	28988	0
2511	5636.05	28988	0
2512	5645.58	28988	0
2513	5658.88	28988	0
2514	5668.22	28988	0
2515	5686.39	28988	0
2516	5695.66	28988	0
2517	5713.66	28988	0
2518	5721.76	28988	0
2519	5730.96	28988	0
2520	5741.24	28988	0
2521	5745.33	28988	0
2522	5754.04	28988	0
2523	5756.06	28988	0
2524	5771.79	28988	0
2525	5791.86	28988	0
2526	5801.98	28988	0
2527	5804.77	28988	0
2528	5812.54	28988	0
2529	5821.68	28988	0
2530	5830.89	28988	0
2531	5847.47	28988	0
2532	5856.96	28988	0
2533	5871.22	28988	0
2534	5886.69	28988	0
2535	5890.59	28988	0
2536	5897.98	28988	0
2537	5912.14	28988	0
2538	5920.39	28988	0
2539	5935.54	28988	0
2540	5945.03	28988	0
2541	5953.7	28988	0
2542	5961.6	28988	0
2543	5977.57	28988	0
2544	5987.64	28988	0
2545	5997.81	28988	0
2546	6010.13	28988	0
2547	6014.46	28988	0
2548	6028.86	28988	0
2549	6045.41	28988	0
2550	6055.73	28988	0
2551	6061.98	28988	0
2552	6081.74	28988	0
2553	6091.72	28988	0
2554	6101.34	28988	0
2555	6110.42	28988	0
2556	6122.74	28988	0
2557	6127.83	28988	0
2558	6142.18	28988	0
2559	6154.92	28988	0
2560	6170.01	28988	0
2561	6178.11	28988	0
2562	6185.63	28988	0
2563	6193.95	28988	0
2564	6207.92	28988	0
2565	6222.7	28988	0
2566	6239.6	28988	0
2567	6245.94	28988	0
2568	6253.8	28988	0
2569	6271.4	28988	0
2570	6284.07	28988	0
2571	6300.77	28988	0
2572	6314.04	28988	0
2573	6329.97	28988	0
2574	6339.3	28988	0
2575	6353.31	28988	0
2576	6363.51	28988	0
2577	6373.32	28988	0
2578	6387.66	28988	0
2579	6396.14	28988	0
2580	6413.22	28988	0
2581	6423.04	28988	0
2582	6435.74	28988	0
2583	6445.13	28988	0
2584	6454.98	28988	0
2585	6471.16	28988	0
2586	6486.44	28988	0
2587	6495.35	28988	0
2588	6499.26	28988	0
2589	6515.5	28988	0
2590	6533.99	28988	0
2591	6544.78	28988	0
2592	6552.91	28988	0
2593	6589.12	36212	0
2594	6603.15	36212	0
2595	6612.97	36212	0
2596	6629.45	36212	0
2597	6647.09	36212	0
2598	6662.27	36212	0
2599	6676.74	36212	0
2600	6688.41	36212	0
2601	6704.14	36212	0
2602	6711.43	36212	0
2603	6721.1	36212	0
2604	6728.74	36212	0
2605	6739.84	36212	0
2606	6749.75	36212	0
2607	6756.95	36212	0
2608	6770.27	36212	0
2609	6777.6	36212	0
2610	6782.91	36212	0
2611	6794.12	36212	0
2612	6802.92	36212	0
2613	6823.28	36212	0
2614	6843.54	36212	0
2615	6850.77	36212	0
2616	6857.22	36212	0
2617	6866.23	36212	0
2618	6883.81	36212	0
2619	6887.9	36212	0
2620	6902.79	36212	0
2621	6923.15	36212	0
2622	6940.41	36212	0
2623	6949.12	36212	0
2624	6965.08	36212	0
2625	6981.84	36212	0
2626	6990.43	36212	0
2627	7008.28	36212	0
2628	7029.56	36212	0
2629	7040.27	36212	0
2630	7052.78	36212	0
2631	7067.64	36212	0
2632	7081.36	36212	0
2633	7093.85	36212	0
2634	7097.55	36212	0
2635	7125.49	36212	0
2636	7143.62	36212	0
2637	7153.42	36212	0
2638	7163.09	36212	0
2639	7188.2	36212	0
2640	7195.87	36212	0
2641	7201.28	36212	0
2642	7210.92	36212	0
2643	7223.16	36212	0
2644	7237.2	36212	0
2645	7247.6	36212	0
2646	7264.21	36212	0
2647	7276.27	36212	0
2648	7284.45	36212	0
2649	7294.26	36212	0
2650	7308.92	36212	0
2651	7316.18	36212	0
2652	7332.35	36212	0
2653	7342.24	36212	0
2654	7352.79	36212	0
2655	7360.78	36212	0
2656	7377.03	36212	0
2657	7379.62	36212	0
2658	7387.76	36212	0
2659	7403.22	36212	0
2660	7415.49	36212	0
2661	7433.05	36212	0
2662	7450.91	36212	0
2663	7465.58	36212	0
2664	7482.1	36212	0
2665	7491.91	36212	0
2666	7500.87	36212	0
2667	7510.32	36212	0
2668	7525.84	36212	0
2669	7532.32	36212	0
2670	7547.22	36212	0
2671	7557.02	36212	0
2672	7564.91	36212	0
2673	7596.93	36212	0
2674	7599.32	36212	0
2675	7607.02	36212	0
2676	7614.45	36212	0
2677	7630.64	36212	0
2678	7646.99	36212	0
2679	7655.52	36212	0
2680	7669.64	36212	0
2681	7687.03	36212	0
2682	7703.58	36212	0
2683	7715.56	36212	0
2684	7722.64	36212	0
2685	7742.92	36212	0
2686	7750.39	36212	0
2687	7758.02	36212	0
2688	7766.93	36212	0
2689	7770.45	36212	0
2690	7778.27	36212	0
2691	7785.46	36212	0
2692	7798.2	36212	0
2693	7826.36	36212	0
2694	7842.39	36212	0
2695	7854.58	36212	0
2696	7867.14	36212	0
2697	7881.19	36212	0
2698	7887.92	36212	0
2699	7897.06	36212	0
2700	7906.28	36212	0
2701	7924.69	36212	0
2702	7940.12	36212	0
2703	7947.46	36212	0
2704	7959.47	36212	0
2705	7977.34	36212	0
2706	7995.39	36212	0
2707	8018.15	36212	0
2708	8027.29	36212	0
2709	8040.46	36212	0
2710	8046.01	36212	0
2711	8053.2	36212	0
2712	8069.45	36212	0
2713	8076.3	36212	0
2714	8089.41	36212	0
2715	8098.28	36212	0
2716	8115.32	36212	0
2717	8133.84	36212	0
2718	8145.1	36212	0
2719	8149.2	36212	0
2720	8158.41	36212	0
2721	8167.71	36212	0
2722	8174.06	36212	0
2723	8193.7	36212	0
2724	8202.6	36212	0
2725	8211.11	36212	0
2726	8229.04	36212	0
2727	8243.52	36212	0
2728	8259.55	36212	0
2729	8265.23	36212	0
2730	8278.44	36212	0
2731	8284.96	36212	0
2732	8294.05	36212	0
2733	8302	36212	0
2734	8317.86	36212	0
2735	8331.2	36212	0
2736	8341.76	36212	0
2737	8351.26	36212	0
2738	8358.99	36212	0
2739	8376.14	36212	0
2740	8385.03	36212	0
2741	8396.03	36212	0
2742	8413.29	36212	0
2743	8421.39	36212	0
2744	8430.92	36212	0
2745	8439.34	36212	0
2746	8452.38	36212	0
2747	8459.3	36212	0
2748	8467.02	36212	0
2749	8473.82	36212	0
2750	8483.05	36212	0
2751	8496.6	36212	0
2752	8511.59	36212	0
2753	8518.83	36212	0
2754	8527.64	36212	0
2755	8535.27	36212	0
2756	8542.74	36212	0
2757	8549.56	36212	0
2758	8563.75	36212	0
2759	8576.41	36212	0
2760	8580.48	36212	0
2761	8584.64	36212	0
2762	8595.15	36212	0
2763	8609.74	36212	0
2764	8624.38	36212	0
2765	8633.04	36212	0
2766	8645.44	36212	0
2767	8665.56	36212	0
2768	8670.4	36212	0
2769	8674.2	36212	0
2770	8681.7	36212	0
2771	8690.77	36212	0
2772	8720.33	36212	0
2773	8724.48	36212	0
2774	8740.34	36212	0
2775	8752.93	36212	0
2776	8767.78	36212	0
2777	8783.48	36212	0
2778	8797.47	36212	0
2779	8807.26	36212	0
2780	8822.65	36212	0
2781	8833.35	36212	0
2782	8836.82	36212	0
2783	8845.32	36212	0
2784	8852.96	36212	0
2785	8867.94	36212	0
2786	8885.75	36212	0
2787	8900.34	36212	0
2788	8915.79	36212	0
2789	8924.69	36212	0
2790	8932.9	36212	0
2791	8939.65	36212	0
2792	8957.53	36212	0
2793	8976.46	36212	0
2794	8994.48	36212	0
2795	9003.69	36212	0
2796	9011.7	36212	0
2797	9023.01	36212	0
2798	9039.11	36212	0
2799	9056.69	36212	0
2800	9070.7	36212	0
2801	9081.37	36212	0
2802	9084.72	36212	0
2803	9099.36	36212	0
2804	9105.06	36212	0
2805	9119.02	36212	0
2806	9128.63	36212	0
2807	9137.11	36212	0
2808	9145.2	36212	0
2809	9150.93	36212	0
2810	9158.12	36212	0
2811	9162.6	36212	0
2812	9172.3	36212	0
2813	9176.82	36212	0
2814	9193.18	36212	0
2815	9207.17	36212	0
2816	9215.03	36212	0
2817	9226.13	36212	0
2818	9240.07	36212	0
2819	9249.28	36212	0
2820	9258.8	36212	0
2821	9282.17	36212	0
2822	9297.61	36212	0
2823	9315.44	36212	0
2824	9323.81	36212	0
2825	9338.02	36212	0
2826	9347.68	36212	0
2827	9379.63	36212	0
2828	9397.48	36212	0
2829	9411.36	36212	0
2830	9417.64	36212	0
2831	9429.88	36212	0
2832	9438.22	36212	0
2833	9450.06	36212	0
2834	9457.74	36212	0
2835	9472.2	36212	0
2836	9481.55	36212	0
2837	9487.18	36212	0
2838	9496.33	36212	0
2839	9524.65	36212	0
2840	9535.44	36212	0
2841	9548.34	36212	0
2842	9558.17	36212	0
2843	9567.72	36212	0
2844	9578.7	36212	0
2845	9584.54	36212	0
2846	9592.65	36212	0
2847	9602.35	36212	0
2848	9618.74	36212	0
2849	9638.26	36212	0
2850	9650.81	36212	0
2851	9660.49	36212	0
2852	9667.67	36212	0
2853	9683.62	36212	0
2854	9687.79	36212	0
2855	9695.26	36212	0
2856	9708.14	36212	0
2857	9725.26	36212	0
2858	9743.19	36212	0
2859	9750.3	36212	0
2860	9759.69	36212	0
2861	9772.14	36212	0
2862	9780.24	36212	0
2863	9799.26	36212	0
2864	9814.56	36212	0
2865	9828.76	36212	0
2866	9838.4	36212	0
2867	9847.7	36212	0
2868	9852.62	36212	0
2869	9861.26	36212	0
2870	9868.44	36212	0
2871	9884.64	36212	0
2872	9890.6	36212	0
2873	9904.54	36212	0
2874	9912.97	36212	0
2875	9928.61	36212	0
2876	9948.26	36212	0
2877	9959.04	36212	0
2878	9969.32	36212	0
2879	9987.45	36212	0
2880	10000.5	36212	0
2881	10010.7	36212	0
2882	10019.7	36212	0
2883	10022.2	36212	0
2884	10029.4	36212	0
2885	10038.5	36212	0
2886	10045	36212	0
2887	10060.5	36212	0
2888	10070.8	36212	0
2889	10083.6	36212	0
2890	10094.5	36212	0
2891	10103.6	36212	0
2892	10118	36212	0
2893	10133.3	36212	0
2894	10148.7	36212	0
2895	10157.9	36212	0
2896	10165.2	36212	0
2897	10177.6	36212	0
2898	10190.6	36212	0
2899	10205.8	36212	0
2900	10212.6	36212	0
2901	10219	36212	0
2902	10233.6	36212	0
2903	10246	36212	0
2904	10258.7	36212	0
2905	10278.5	36212	0
2906	10286.8	36212	0
2907	10298.9	36212	0
2908	10309.7	36212	0
2909	10325	36212	0
2910	10332.8	36212	0
2911	10343.3	36212	0
2912	10363.4	36212	0
2913	10371.3	36212	0
2914	10379.4	36212	0
2915	10395.6	36212	0
2916	10404.8	36212	0
2917	10420.6	36212	0
2918	10428.4	36212	0
2919	10433.5	36212	0
2920	10447.7	36212	0
2921	10456.4	36212	0
2922	10465.2	36212	0
2923	10491.9	36212	0
2924	10499.2	36212	0
2925	10511.1	36212	0
2926	10528.9	36212	0
2927	10541.2	36212	0
2928	10555.8	36212	0
2929	10563	36212	0
2930	10572.7	36212	0
2931	10576.8	36212	0
2932	10586.6	36212	0
2933	10619.4	36212	0
2934	10624	36212	0
2935	10631.4	36212	0
2936	10645.1	36212	0
2937	10652.4	36212	0
2938	10661.9	36212	0
2939	10670.4	36212	0
2940	10677.8	36212	0
2941	10685.1	36212	0
2942	10694.5	36212	0
2943	10707.8	36212	0
2944	10718.7	36212	0
2945	10731.1	36212	0
2946	10740	36212	0
2947	10752.2	36212	0
2948	10761.4	36212	0
2949	10770.2	36212	0
2950	10777.7	36212	0
2951	10795.6	36212	0
2952	10810.1	36212	0
2953	10826.4	36212	0
2954	10840.2	36212	0
2955	10860.3	36212	0
2956	10875.5	36212	0
2957	10883	36212	0
2958	10897.8	36212	0
2959	10913.3	36212	0
2960	10918.6	36212	0
2961	10936.5	36212	0
2962	10945.6	36212	0
2963	10954.4	36212	0
2964	10965.7	36212	0
2965	10972.9	36212	0
2966	10990.5	36212	0
2967	11006.6	36212	0
2968	11013.1	36212	0
2969	11022.8	36212	0
2970	11036.8	36212	0
2971	11045.6	36212	0
2972	11058.9	36212	0
2973	11066.2	36212	0
2974	11075.3	36212	0
2975	11088.3	36212	0
2976	11106.4	36212	0
2977	11122.5	36212	0
2978	11135.1	36212	0
2979	11148.7	36212	0
2980	11165.1	36212	0
2981	11174.1	36212	0
2982	11182.2	36212	0
2983	11188	36212	0
2984	11206.1	36212	0
2985	11226.5	36212	0
2986	11241.5	36212	0
2987	11258.7	36212	0
2988	11270.2	36212	0
2989	11284.4	36212	0
2990	11300.8	36212	0
2991	11317.2	36212	0
2992	11327.9	36212	0
2993	11343.5	36212	0
2994	11355.2	36212	0
2995	11364.1	36212	0
2996	11373.7	36212	0
2997	11380.9	36212	0
2998	11397.2	36212	0
2999	11412.1	36212	0
3000	11423.9	36212	2.3
3001	13.988	13988	0
3002	25.012	13988	0
3003	41.14	16128	0
3004	61.056	19916	0
3005	87.58	26524	0
3006	103.312	26524	0
3007	120.176	26524	0
3008	126.652	26524	0
3009	144.56	26524	0
3010	163.204	26524	0
3011	172.096	26524	0
3012	181.18	26524	0
3013	193.96	26524	0
3014	210.972	26524	0
3015	227.344	26524	0
3016	238.788	26524	0
3017	255.736	26524	0
3018	267.78	26524	0
3019	278.008	26524	0
3020	287.52	26524	0
3021	299.676	26524	0
3022	330.532	30856	0
3023	347.088	30856	0
3024	356.008	30856	0
3025	368.72	30856	0
3026	384.624	30856	0
3027	398.488	30856	0
3028	422.492	30856	0
3029	441.72	30856	0
3030	453.408	30856	0
3031	471.516	30856	0
3032	486.216	30856	0
3033	495.692	30856	0
3034	499.62	30856	0
3035	514.284	30856	0
3036	518.804	30856	0
3037	527.248	30856	0
3038	540.34	30856	0
3039	549.604	30856	0
3040	565.592	30856	0
3041	578.924	30856	0
3042	592.912	30856	0
3043	600.976	30856	0
3044	608.556	30856	0
3045	624.756	30856	0
3046	631.016	30856	0
3047	646.388	30856	0
3048	654.68	30856	0
3049	667.572	30856	0
3050	671.596	30856	0
3051	678.96	30856	0
3052	687.52	30856	0
3053	691.176	30856	0
3054	714.584	30856	0
3055	723.892	30856	0
3056	739.296	30856	0
3057	753.184	30856	0
3058	773.956	30856	0
3059	780.304	30856	0
3060	793.164	30856	0
3061	810.388	30856	0
3062	818.06	30856	0
3063	834.204	30856	0
3064	843.932	30856	0
3065	857.148	30856	0
3066	867.18	30856	0
3067	884.928	30856	0
3068	896.412	30856	0
3069	913.088	30856	0
3070	925.504	30856	0
3071	932.108	30856	0
3072	949.18	30856	0
3073	954.932	30856	0
3074	970.264	30856	0
3075	982.412	30856	0
3076	996.588	30856	0
3077	1013.73	30856	0
3078	1031.22	30856	0
3079	1063.64	32420	0
3080	1073.18	32420	0
3081	1091.34	32420	0
3082	1100.46	32420	0
3083	1113.26	32420	0
3084	1120.57	32420	0
3085	1130.48	32420	0
3086	1141.86	32420	0
3087	1147.42	32420	0
3088	1166.98	32420	0
3089	1180.32	32420	0
3090	1190.14	32420	0
3091	1205.64	32420	0
3092	1223.44	32420	0
3093	1236.36	32420	0
3094	1245.78	32420	0
3095	1254.05	32420	0
3096	1262.24	32420	0
3097	1271.9	32420	0
3098	1292.47	32420	0
3099	1308.89	32420	0
3100	1317.18	32420	0
3101	1329.58	32420	0
3102	1341.81	32420	0
3103	1345.4	32420	0
3104	1362.58	32420	0
3105	1382.96	32420	0
3106	1407.37	32420	0
3107	1426.99	32420	0
3108	1439.2	32420	0
3109	1452.95	32420	0
3110	1470.07	32420	0
3111	1484.52	32420	0
3112	1507.62	32420	0
3113	1527.16	32420	0
3114	1538.55	32420	0
3115	1551.95	32420	0
3116	1560.72	32420	0
3117	1569.53	32420	0
3118	1586.89	32420	0
3119	1603.42	32420	0
3120	1619.16	32420	0
3121	1628.98	32420	0
3122	1638.39	32420	0
3123	1645.46	32420	0
3124	1653.26	32420	0
3125	1667.69	32420	0
3126	1675.83	32420	0
3127	1692.53	32420	0
3128	1701.29	32420	0
3129	1710.02	32420	0
3130	1719.04	32420	0
3131	1731.36	32420	0
3132	1747.1	32420	0
3133	1773.14	32420	0
3134	1789.78	32420	0
3135	1804.64	32420	0
3136	1822.1	32420	0
